00000000000000000000000000000000000001
00000000000000000001110000000000000000
00000000000000000011111000000000000000
00000111000000000011111111100000000000
00000111000000000001110000100000000000
00000111000010000000000000100000000000
00001110000000000000011100100000000000
00000000000000000000000000101111000000
00000000011110000000011111100000000000
00000000010000000000000000111100011000
00000000010000000000000000100000000000
00000011110000000011110000100000000100
00000000010000000111110000100000000000
00000000010000011111110000100000000000
00000000000000001111100000100001000000
00000000000000000011000000100011100000
00000001111111111001111111100111000000
00000001111111111000000000100011100000
00000001111111111000000000000000000000
00000000000000000000000000000000000000