00000000000000000000000000000000000000
00000000000000000001110000000000000000
00000000000000000011111000000000000000
00000000000000000011111111100000000000
00000000000000000001110000100000000000
00000000000000000000000000100000000000
00000000000000000000000000100000000000
00000000000000000000000000100000000000
00000000000000000000011111100000000000
00000000000000000000000000111100000000
00000000000000000000000000100000000000
00000000000000000011110000100000000000
00000000000000000111110000100000000000
00000000000000011111110000100000000000
00000000000000001111100000100000000000
00000000000000000011000000100000000000
00000000000000000001111111100000000000
00000000000000000000000000100000000000
00000000000000000000000000000000000000
00000000000000000000000000000000000000
